1007
0900
c000
1004
07f0
1002
002a
30a0
1005
0000
c000
1002
fff2
2012
1003
0001
74d3
d000
d000
4000
fff6
c000
1000
fff0
2000
1001
fff1
2009
7041
1002
0000
d000
d000
5000
0016
c000
1003
fff4
3018
d000
5000
ffe1
1003
0001
715d
1002
0001
d000
d000
5000
0006
c000
1003
fff5
3018
e000
7e48
1003
0001
74d3
4000
0002
7e68
1004
00e0
7424
4000
0018
1003
0020
731b
4000
0013
1003
0040
731b
4000
000e
1003
0060
731b
4000
0009
1003
0080
731b
4000
0004
1004
0060
7020
1004
00f0
7424
4000
0018
1003
0010
731b
4000
0013
1003
0020
731b
4000
000e
1003
0030
731b
4000
0009
1003
0040
731b
4000
0004
1004
0030
7020
1004
0078
7424
4000
0018
1003
0008
731b
4000
0013
1003
0010
731b
4000
000e
1003
0018
731b
4000
0009
1003
0020
731b
4000
0004
1004
0018
7020
1004
01c0
7424
4000
0018
1003
0040
731b
4000
0013
1003
0080
731b
4000
000e
1003
00c0
731b
4000
0009
1003
0100
731b
4000
0004
1004
00c0
7020
1004
003c
7424
4000
0018
1003
0004
731b
4000
0013
1003
0008
731b
4000
000e
1003
000c
731b
4000
0009
1003
0010
731b
4000
0004
1004
000c
7020
1004
01e0
7424
4000
0018
1003
0020
731b
4000
0013
1003
0040
731b
4000
000e
1003
0060
731b
4000
0009
1003
0080
731b
4000
0004
1004
0060
7020
1004
001e
7424
4000
0018
1003
0002
731b
4000
0013
1003
0004
731b
4000
000e
1003
0006
731b
4000
0009
1003
0008
731b
4000
0004
1004
0006
7020
1003
0001
74d3
4000
ff1d
5000
ff2b
