v2.0 raw
1007
1000
1000
0000
1006
0000
1004
0901
2024
1001
0001
7509
4000
000e
1004
0900
2024
1001
000c
7261
4000
0025
7136
a000
002a
5000
0001
1004
0c01
2024
1001
0001
7509
4000
ffe4
1004
0c00
2024
7e72
7e66
a000
0019
7e56
5000
ffda
1005
0000
73ab
4000
0007
71ad
7ec9
4000
0003
5000
fffb
7e6e
b000
7180
7e46
a000
0005
1006
0000
5000
ffc5
7e75
1004
00e0
7564
4000
0018
1003
0020
731b
4000
0013
1003
0040
731b
4000
000e
1003
0060
731b
4000
0009
1003
0080
731b
4000
0004
1004
0060
7165
1004
00f0
7564
4000
0018
1003
0010
731b
4000
0013
1003
0020
731b
4000
000e
1003
0030
731b
4000
0009
1003
0040
731b
4000
0004
1004
0030
7165
1004
0078
7564
4000
0018
1003
0008
731b
4000
0013
1003
0010
731b
4000
000e
1003
0018
731b
4000
0009
1003
0020
731b
4000
0004
1004
0018
7165
1004
01c0
7564
4000
0018
1003
0040
731b
4000
0013
1003
0080
731b
4000
000e
1003
00c0
731b
4000
0009
1003
0100
731b
4000
0004
1004
00c0
7165
1004
003c
7564
4000
0018
1003
0004
731b
4000
0013
1003
0008
731b
4000
000e
1003
000c
731b
4000
0009
1003
0010
731b
4000
0004
1004
000c
7165
1004
01e0
7564
4000
0018
1003
0020
731b
4000
0013
1003
0040
731b
4000
000e
1003
0060
731b
4000
0009
1003
0080
731b
4000
0004
1004
0060
7165
1004
001e
7564
4000
0018
1003
0002
731b
4000
0013
1003
0004
731b
4000
000e
1003
0006
731b
4000
0009
1003
0008
731b
4000
0004
1004
0006
7165
1003
0b00
3158
b000
